[0m [0m [0m [0m [0m [0m [0m [0m [0m [0m [0m [0m [0m [0m [0m [0m [0m [0m [0m [0m [0m
[0m [0m [0m [0m[38;2;118;114;124m▄[38;2;10;10;16m[48;2;226;178;136m▀[38;2;10;10;16m[48;2;243;205;168m▀[38;2;10;10;16m[48;2;243;205;168m▀[38;2;10;10;16m[48;2;243;205;168m▀[38;2;10;10;16m[48;2;243;205;168m▀[38;2;10;10;16m[48;2;243;205;168m▀[38;2;10;10;16m[48;2;243;205;168m▀[38;2;10;10;16m[48;2;243;205;168m▀[38;2;10;10;16m[48;2;243;205;168m▀[38;2;10;10;16m[48;2;243;205;168m▀[38;2;10;10;16m[48;2;243;205;168m▀[38;2;10;10;16m[48;2;226;178;136m▀[0m[38;2;118;114;124m▄[0m [0m [0m [0m
[0m [0m [0m [38;2;68;64;72m[48;2;10;10;16m▀[38;2;226;178;136m[48;2;226;178;136m▀[38;2;243;205;168m[48;2;226;178;136m▀[38;2;243;205;168m[48;2;226;178;136m▀[38;2;243;205;168m[48;2;226;178;136m▀[38;2;243;205;168m[48;2;226;178;136m▀[38;2;243;205;168m[48;2;226;178;136m▀[38;2;243;205;168m[48;2;226;178;136m▀[38;2;243;205;168m[48;2;226;178;136m▀[38;2;243;205;168m[48;2;226;178;136m▀[38;2;243;205;168m[48;2;226;178;136m▀[38;2;243;205;168m[48;2;226;178;136m▀[38;2;226;178;136m[48;2;226;178;136m▀[38;2;68;64;72m[48;2;10;10;16m▀[0m [0m [0m [0m
[0m[38;2;10;10;16m▄[38;2;10;10;16m[48;2;196;40;44m▀[38;2;10;10;16m[48;2;10;10;16m▀[38;2;196;40;44m[48;2;196;40;44m▀[38;2;232;92;84m[48;2;196;40;44m▀[38;2;232;92;84m[48;2;196;40;44m▀[38;2;232;92;84m[48;2;196;40;44m▀[38;2;232;92;84m[48;2;196;40;44m▀[38;2;232;92;84m[48;2;196;40;44m▀[38;2;232;92;84m[48;2;196;40;44m▀[38;2;232;92;84m[48;2;196;40;44m▀[38;2;232;92;84m[48;2;196;40;44m▀[38;2;232;92;84m[48;2;196;40;44m▀[38;2;232;92;84m[48;2;196;40;44m▀[38;2;232;92;84m[48;2;196;40;44m▀[38;2;232;92;84m[48;2;196;40;44m▀[38;2;196;40;44m[48;2;196;40;44m▀[38;2;10;10;16m[48;2;10;10;16m▀[0m [0m [0m
[0m[38;2;10;10;16m▀[38;2;146;24;30m[48;2;10;10;16m▀[0m[38;2;10;10;16m▀[38;2;196;40;44m[48;2;10;10;16m▀[38;2;146;24;30m[48;2;226;178;136m▀[38;2;146;24;30m[48;2;226;178;136m▀[38;2;146;24;30m[48;2;226;178;136m▀[38;2;146;24;30m[48;2;226;178;136m▀[38;2;146;24;30m[48;2;226;178;136m▀[38;2;146;24;30m[48;2;226;178;136m▀[38;2;146;24;30m[48;2;226;178;136m▀[38;2;146;24;30m[48;2;226;178;136m▀[38;2;146;24;30m[48;2;226;178;136m▀[38;2;146;24;30m[48;2;226;178;136m▀[38;2;146;24;30m[48;2;226;178;136m▀[38;2;146;24;30m[48;2;226;178;136m▀[38;2;196;40;44m[48;2;10;10;16m▀[0m[38;2;10;10;16m▀[0m [0m [0m
[0m [0m [0m [38;2;10;10;16m[48;2;10;10;16m▀[38;2;226;178;136m[48;2;226;178;136m▀[38;2;58;54;62m[48;2;10;10;16m▀[38;2;58;54;62m[48;2;10;10;16m▀[38;2;58;54;62m[48;2;10;10;16m▀[38;2;226;178;136m[48;2;10;10;16m▀[38;2;226;178;136m[48;2;226;178;136m▀[38;2;226;178;136m[48;2;226;178;136m▀[38;2;226;178;136m[48;2;10;10;16m▀[38;2;58;54;62m[48;2;10;10;16m▀[38;2;58;54;62m[48;2;10;10;16m▀[38;2;58;54;62m[48;2;10;10;16m▀[38;2;226;178;136m[48;2;226;178;136m▀[38;2;10;10;16m[48;2;10;10;16m▀[0m [0m [0m [0m
[0m [0m [0m [38;2;10;10;16m[48;2;10;10;16m▀[38;2;226;178;136m[48;2;226;178;136m▀[38;2;186;138;100m[48;2;255;255;255m▀[38;2;255;255;255m[48;2;255;255;255m▀[38;2;255;255;255m[48;2;38;44;60m▀[38;2;186;138;100m[48;2;255;255;255m▀[38;2;226;178;136m[48;2;186;138;100m▀[38;2;226;178;136m[48;2;186;138;100m▀[38;2;186;138;100m[48;2;255;255;255m▀[38;2;255;255;255m[48;2;255;255;255m▀[38;2;255;255;255m[48;2;38;44;60m▀[38;2;186;138;100m[48;2;255;255;255m▀[38;2;226;178;136m[48;2;226;178;136m▀[38;2;10;10;16m[48;2;10;10;16m▀[0m [0m [0m [0m
[0m [0m [0m [38;2;10;10;16m[48;2;10;10;16m▀[38;2;226;178;136m[48;2;226;178;136m▀[38;2;226;178;136m[48;2;226;178;136m▀[38;2;226;178;136m[48;2;226;178;136m▀[38;2;226;178;136m[48;2;226;178;136m▀[38;2;226;178;136m[48;2;226;178;136m▀[38;2;186;138;100m[48;2;226;178;136m▀[38;2;10;10;16m[48;2;226;178;136m▀[38;2;226;178;136m[48;2;226;178;136m▀[38;2;226;178;136m[48;2;226;178;136m▀[38;2;226;178;136m[48;2;226;178;136m▀[38;2;226;178;136m[48;2;226;178;136m▀[38;2;226;178;136m[48;2;226;178;136m▀[38;2;10;10;16m[48;2;10;10;16m▀[0m [0m [0m [0m
[0m [0m [0m [38;2;10;10;16m[48;2;10;10;16m▀[38;2;226;178;136m[48;2;226;178;136m▀[38;2;118;114;124m[48;2;68;64;72m▀[38;2;68;64;72m[48;2;68;64;72m▀[38;2;68;64;72m[48;2;226;178;136m▀[38;2;68;64;72m[48;2;226;178;136m▀[38;2;68;64;72m[48;2;226;178;136m▀[38;2;68;64;72m[48;2;226;178;136m▀[38;2;68;64;72m[48;2;226;178;136m▀[38;2;68;64;72m[48;2;226;178;136m▀[38;2;68;64;72m[48;2;68;64;72m▀[38;2;118;114;124m[48;2;68;64;72m▀[38;2;226;178;136m[48;2;226;178;136m▀[38;2;10;10;16m[48;2;10;10;16m▀[0m [0m [0m [0m
[0m [0m [0m [0m[38;2;10;10;16m▀[38;2;226;178;136m[48;2;10;10;16m▀[38;2;118;114;124m[48;2;10;10;16m▀[38;2;186;138;100m[48;2;10;10;16m▀[38;2;186;138;100m[48;2;10;10;16m▀[38;2;10;10;16m[48;2;10;10;16m▀[38;2;10;10;16m[48;2;10;10;16m▀[38;2;10;10;16m[48;2;10;10;16m▀[38;2;10;10;16m[48;2;10;10;16m▀[38;2;186;138;100m[48;2;10;10;16m▀[38;2;186;138;100m[48;2;10;10;16m▀[38;2;118;114;124m[48;2;10;10;16m▀[38;2;226;178;136m[48;2;10;10;16m▀[0m[38;2;10;10;16m▀[0m [0m [0m [0m
[0m [38;2;10;10;16m[48;2;10;10;16m▀[38;2;10;10;16m[48;2;246;246;242m▀[38;2;10;10;16m[48;2;246;246;242m▀[38;2;10;10;16m[48;2;246;246;242m▀[38;2;10;10;16m[48;2;246;246;242m▀[38;2;10;10;16m[48;2;246;246;242m▀[38;2;10;10;16m[48;2;246;246;242m▀[38;2;10;10;16m[48;2;10;10;16m▀[38;2;186;138;100m[48;2;186;138;100m▀[38;2;186;138;100m[48;2;186;138;100m▀[38;2;10;10;16m[48;2;10;10;16m▀[38;2;10;10;16m[48;2;246;246;242m▀[38;2;10;10;16m[48;2;246;246;242m▀[38;2;10;10;16m[48;2;246;246;242m▀[38;2;10;10;16m[48;2;246;246;242m▀[38;2;10;10;16m[48;2;246;246;242m▀[38;2;10;10;16m[48;2;246;246;242m▀[38;2;10;10;16m[48;2;10;10;16m▀[0m [0m
[0m [38;2;10;10;16m[48;2;10;10;16m▀[38;2;246;246;242m[48;2;10;10;16m▀[38;2;246;246;242m[48;2;10;10;16m▀[38;2;246;246;242m[48;2;10;10;16m▀[38;2;246;246;242m[48;2;10;10;16m▀[38;2;246;246;242m[48;2;10;10;16m▀[38;2;10;10;16m[48;2;10;10;16m▀[38;2;246;246;242m[48;2;10;10;16m▀[38;2;186;138;100m[48;2;202;202;198m▀[38;2;186;138;100m[48;2;202;202;198m▀[38;2;246;246;242m[48;2;10;10;16m▀[38;2;10;10;16m[48;2;10;10;16m▀[38;2;246;246;242m[48;2;10;10;16m▀[38;2;246;246;242m[48;2;10;10;16m▀[38;2;246;246;242m[48;2;10;10;16m▀[38;2;246;246;242m[48;2;10;10;16m▀[38;2;246;246;242m[48;2;10;10;16m▀[38;2;10;10;16m[48;2;10;10;16m▀[0m [0m
